---
password: 10be2ce89c10cc752728082fbcd0e7d17955faa292d55427e290d0d61bb7a671
ip: 89.66.148.206
firstlogin: 1542141285969.000000
lastlogin: 1542476901647.000000
...
