---
password: 089b73a0498a6ce3ed2bbd4dc7fce382bd00b75f9af1a1e0afcd2577d6cfc7a7
ip: 46.134.41.191
firstlogin: 1542206091696.000000
lastlogin: 1542212724570.000000
...
