---
password: 637489875c7aee05dac2e0abf605c045a21646f7a8cb21a1fdad4a007a7c3dcb
ip: 37.47.251.140
firstlogin: 1542383734926.000000
lastlogin: 1542383734927.000000
...
