---
password: 53bf7b5a351e95e399c48ef3d26fd22c0b627a8afb915395e61c38acd339be53
ip: 31.18.253.188
firstlogin: 1542441404811.000000
lastlogin: 1542467151576.000000
...
