---
password: 574f02c415ca2be841c59200c71509bbfbb271d0cfef6954ccd2e1b9541eb804
ip: 89.69.182.79
firstlogin: 1542218811720.000000
lastlogin: 1542459169855.000000
...
