---
password: 8215cd5f009d28acc802360cbb42728e94cf99e165078fca3cfafd0134dfed63
ip: 86.135.240.166
firstlogin: 1542204522985.000000
lastlogin: 1542282112160.000000
...
