---
password: 069a58828e121af5b6b5c4e43458187c758de4840097cccd157298cd38dbda8d
ip: 46.134.47.164
firstlogin: 1542442444409.000000
lastlogin: 1542442595571.000000
...
