---
version: 2
money:
  adipol1359: 997.000000
  xstrixu: 1000.000000
  protect_cant: 1000.000000
  czarnuch: 1000.000000
  zir0x: 1000.000000
  tlorek: 1000.000000
  another: 1000.000000
  xnerv: 1000.000000
  test: 1000.000000
  adipol1359_yt: 1000.000000
  dawidakaddos: 1000.000000
...
