---
password: 66b77a419fc5190f3c2d1073e4cb9fa733740f29dae425c6dbdac24de30741e9
ip: 83.31.179.144
firstlogin: 1534778336458.000000
lastlogin: 1534778336458.000000
...
