---
password: 8bb0cf6eb9b17d0f7d22b456f121257dc1254e1f01665370476383ea776df414
ip: 94.254.233.54
firstlogin: 1534784518079.000000
lastlogin: 1534784518079.000000
...
