---
password: 821e6c35fef913f48c3339c4f7887d0f940d34bc499898aeacb89c3f58011bf7
ip: 94.254.235.43
firstlogin: 1534777210330.000000
lastlogin: 1534871068795.000000
...
