---
password: 56b5b6b07f67a051bc95eed9e41c6f83068efdea62ab0fc2c43a725f72be80b2
ip: 77.253.76.196
firstlogin: 1534710532653.000000
lastlogin: 1534779009950.000000
...
