---
password: 2636a4923b622836da85b3706fd50f3ee0ba866d0dc5489f9ca038c70337e4d5
ip: 87.206.195.22
firstlogin: 1534699813435.000000
lastlogin: 1534699813435.000000
...
