---
password: 5cd7b863818db20a39df54d6cc79e29dabe4d84feeb8eb852eb1b4927c3d4722
ip: 89.64.43.104
firstlogin: 1534785130478.000000
lastlogin: 1534870960481.000000
...
