---
password: 6c7b4f85a3391b9d24677e9f971968bdaeef9c88dae394283ac47ce51f3e1259
ip: 89.72.220.75
firstlogin: 1534777608581.000000
lastlogin: 1534777608581.000000
...
