---
password: 6b08bf45b38c8579ea754256f6d385731bc4d9c037fc2ba391515270aaae93f0
ip: 188.146.97.181
firstlogin: 1534783874478.000000
lastlogin: 1534871729698.000000
...
