---
password: 9feebd90649db2921528df7665f1dfa3bf604f7b566ad18e902305957c2c2b9c
ip: 5.9.102.138
firstlogin: 1534783236428.000000
lastlogin: 1534783579831.000000
...
