---
password: 86be44a611d9ae8133f93f87a557307df447870f225284af196dc79a4cc9c8f0
ip: 5.184.251.121
firstlogin: 1534782518929.000000
lastlogin: 1534782518930.000000
...
