---
password: 500868750745cadfcbaf6847f31559f4d86a30ae18cddafb5dc00fdb5804e1bd
ip: 188.146.32.17
firstlogin: 1534712096243.000000
lastlogin: 1534871351796.000000
...
