---
password: 16b1d22f276b008aeb3fdd504ccfa81f42e9f56e85a737163d29fc2ecb5a9038
ip: 87.206.195.22
firstlogin: 1534699455635.000000
lastlogin: 1534871208997.000000
...
