---
password: 5786ac9286f2e4b4f800c2477bd963d79033030f91765e6ba4fc14f1971ae5e3
ip: 188.146.164.238
firstlogin: 1534784807428.000000
lastlogin: 1534871594544.000000
...
