---
password: 4e474b1ccd48cfc89368abb436884de60c906dce4ef188305a976bf93dd5eb92
ip: 188.146.164.117
firstlogin: 1534783915179.000000
lastlogin: 1534784330881.000000
...
