---
password: 9f1c3ced23e2352d34d43e0ae34f1d3b8ed2c03d516b501822b63fdaaa9301bf
ip: 83.22.253.165
firstlogin: 1534769231320.000000
lastlogin: 1534786927128.000000
...
