---
password: 52d1d87c3b2027f3f2660015ddf6463e97430b4e60099217143ac75a45646aa1
ip: 5.172.237.195
firstlogin: 1534777214880.000000
lastlogin: 1534777214881.000000
...
