---
password: 9e49ea3dd375f7b281ac36408cbaf9ef636b14befac41904223c8de4d6377092
ip: 185.225.208.200
firstlogin: 1534871946294.000000
lastlogin: 1534871946295.000000
...
