---
password: 3824d6c63cd1ace85be78c9fa5d69b45d2c391b81185ee559b29cd136f666493
ip: 31.0.85.227
firstlogin: 1534777892530.000000
lastlogin: 1534777892531.000000
...
