---
password: 047f9b3af222cf945af66c105bc036b815c658fbcd7e1710932bd1fc3972754b
ip: 84.205.25.215
firstlogin: 1534777208280.000000
lastlogin: 1534870907647.000000
...
