---
password: 4b290d5abc064b7ac24277094d8bc96b8565391c01a3b4ea70826837682eec25
ip: 54.36.110.13
firstlogin: 1534871069245.000000
lastlogin: 1534871069245.000000
...
