---
password: 25a7624d844ce5b988ecc956ddc342db35a87dee82734664fb234aaecb73b914
ip: 37.7.14.86
firstlogin: 1534746366320.000000
lastlogin: 1534783592086.000000
...
