---
password: 55ec303892cf2d40b3c172f6edccd1e664f1fa8f9941e929898d3ad92b6f073c
ip: 91.246.15.2
firstlogin: 1534785011927.000000
lastlogin: 1534870960472.000000
...
