---
password: 1b559c5f440e8028f9d80fb57d550e19210a197fdc708f9328c7e3b0b492c8fc
ip: 83.31.65.50
firstlogin: 1534764213141.000000
lastlogin: 1534786729077.000000
...
