---
password: 9feebd90649db2921528df7665f1dfa3bf604f7b566ad18e902305957c2c2b9c
ip: 142.44.139.217
firstlogin: 1534870972244.000000
lastlogin: 1534871705894.000000
...
