---
password: 55b85dbfa6f0955a7a694388e66f910edcbac211caed9baa5b450ddbe03c7933
ip: 178.162.214.49
firstlogin: 1534786285076.000000
lastlogin: 1534786285076.000000
...
