---
password: 468c6b4af3d6e025af573b211827df154312be361213e7f5247e80476bb27703
ip: 46.134.172.254
firstlogin: 1534779406098.000000
lastlogin: 1534779406099.000000
...
