---
password: 90dcabd477fb4075e7882f85de2497ad2a5786e27f60e2d2f102fdc7b93f3bd3
ip: 46.134.134.206
firstlogin: 1534871507643.000000
lastlogin: 1534871507643.000000
...
