---
password: 196d672e7c0b078e616df96f85d3caeafcad2881d979cb85431b7fe6da774324
ip: 193.192.177.94
firstlogin: 1534782613481.000000
lastlogin: 1534782613482.000000
...
