---
password: 13a7c390072d7d1df2d8ac2421344621f5c206db30f4d796d37bc7d53fae5cb7
ip: 37.47.37.28
firstlogin: 1534764882591.000000
lastlogin: 1534872101944.000000
...
