---
password: 42a33e8b3c5d9b8eda744f1b705afd52037f3a8aa936679b1683ee34504f76c7
ip: 87.207.78.168
firstlogin: 1534778052708.000000
lastlogin: 1534778052708.000000
...
