---
password: 4088d0d5b8ec83c218dd523468f266a159e6418074bf4a17e5ee0e37975b7320
ip: 37.7.14.86
firstlogin: 1534774871532.000000
lastlogin: 1534775002939.000000
...
