---
password: 093eaf8121c89865088cc78f000cd065a5ca3383f8358f788edf96bdb834d6ce
ip: 46.134.11.212
firstlogin: 1534779520096.000000
lastlogin: 1534870911998.000000
...
