---
password: 0f53276a9470fc6324eeb00dc74af5a89c42d4be15ca9e403c70823ee8a8be6b
ip: 83.27.100.243
firstlogin: 1534777466630.000000
lastlogin: 1534782816681.000000
...
