---
password: 3eac4cec30917f2c464b08fbad0d5e4e93b318af208c04f6d2b90b88aa7d13eb
ip: 31.135.207.64
firstlogin: 1534871739393.000000
lastlogin: 1534871739394.000000
...
