---
password: 4347db2e6ba21635d3082e6ca5ad360add213bfeadd9063c2862429551a7bd90
ip: 83.23.248.44
firstlogin: 1534872235343.000000
lastlogin: 1534872235343.000000
...
