---
password: 2655e965a4efeffb10a7ffa3169b281e538829aa3445e413c9d9b43b5cb97f09
ip: 94.254.133.205
firstlogin: 1534868726646.000000
lastlogin: 1534868726646.000000
...
