---
password: 5f1a92931f1472ef6303ee6b6f320dd4c7b3bcf2cc3c3e8395372ff14538baa2
ip: 94.254.133.205
firstlogin: 1534774766883.000000
lastlogin: 1534774766883.000000
...
