---
password: 33340e8c0c6c08dd88d4f613d9f2810eb92a35cc1a15da05b839a5ef4039ac00
ip: 188.146.229.51
firstlogin: 1534777467130.000000
lastlogin: 1534779586899.000000
...
