---
password: 4b290d5abc064b7ac24277094d8bc96b8565391c01a3b4ea70826837682eec25
ip: 94.254.238.6
firstlogin: 1534765332240.000000
lastlogin: 1534871015545.000000
...
