---
password: 9ec100b6c5a91a7e5501889cb74d0bf5bac533c4d080e883c421f2f3f2c4d9c9
ip: 37.248.159.190
firstlogin: 1534777234680.000000
lastlogin: 1534871262496.000000
...
