---
password: 37f9e9c820155dd3192f40a517692d206be8c4e152f0fcc62316cbdc3f5cc35b
ip: 94.254.165.154
firstlogin: 1534784885727.000000
lastlogin: 1534784885727.000000
...
