---
password: 25a7624d844ce5b988ecc956ddc342db35a87dee82734664fb234aaecb73b914
ip: 5.60.199.234
firstlogin: 1534745958021.000000
lastlogin: 1534745958021.000000
...
