---
password: 59708716929682b4e7082d5961a5837d0a5ec250d87d0b20328496e5d55e644c
ip: 178.3.131.182
firstlogin: 1534778044909.000000
lastlogin: 1534778044909.000000
...
