---
password: 7504d2bfa4c6757691263d1b0777e2db7635e4ac99de9e72687db6cf8c316fb8
ip: 87.206.195.22
firstlogin: 1534688144669.000000
lastlogin: 1534862665204.000000
...
