---
password: 9e49ea3dd375f7b281ac36408cbaf9ef636b14befac41904223c8de4d6377092
ip: 31.132.69.94
firstlogin: 1534786456326.000000
lastlogin: 1534786456326.000000
...
