---
password: 9feebd90649db2921528df7665f1dfa3bf604f7b566ad18e902305957c2c2b9c
ip: 159.205.232.203
firstlogin: 1534786087076.000000
lastlogin: 1534786087077.000000
...
