---
password: 5cc034d6cd8df652d3ae732954f01f45747f2c7fb68032f7128031c6399a2299
ip: 159.205.232.203
firstlogin: 1534777209481.000000
lastlogin: 1534779449849.000000
...
