---
password: 87780fa5de684e87cb92b279f0bc07b14f572851e73b8943a097c1770a5f38e6
ip: 83.23.15.20
firstlogin: 1534777505680.000000
lastlogin: 1534779646488.000000
...
