---
version: 2
money:
  _nesqiczek: 1000.000000
  keczis217: 1000.000000
  bialy: 1000.000000
  mleq0: 1000.000000
  xveno: 1000.000000
  fallowek: 1000.000000
  fex0cheat: 1000.000000
  fex0: 1000.000000
  xozi1907: 1000.000000
  nefliktenf3jm: 1000.000000
  mcpl: 1000.000000
  xvdokbarvx: 1000.000000
  edzia: 1000.000000
  xbartekakatraper: 1000.000000
  coortexakastiv: 1000.000000
  xamidass: 1000.000000
  budujezpasji: 1000.000000
  kapixx966: 1000.000000
  przemcioplaygame: 1000.000000
  emma10: 1000.000000
  patrykxd: 1000.000000
  kubaxpl: 1000.000000
  czoper: 1000.000000
  olusiek: 1000.000000
  izistrefa: 1000.000000
  moviestarplanet: 1000.000000
  frankowskyy: 1000.000000
  kubson: 1000.000000
  koksik: 1000.000000
  aleksanderx13: 1000.000000
  sypektogej: 1000.000000
  sypus: 1000.000000
  spedek: 1000.000000
  falox159yt: 1000.000000
  karolcia123: 1000.000000
  anetkaa: 1000.000000
  shavderek_: 1000.000000
  steve: 1000.000000
  proalan: 1000.000000
  trex0_2k17: 1000.000000
  ig3l_2k17: 1000.000000
  xzypnix1337: 1000.000000
  _nesq: 1000.000000
...
