---
password: 2a1400c223634322ebfdd50c6d77aba04174efaefe37d8a958c1412fd4351a74
ip: 5.173.136.73
firstlogin: 1542544893106.000000
lastlogin: 1542559940587.000000
...
