---
password: 9feebd90649db2921528df7665f1dfa3bf604f7b566ad18e902305957c2c2b9c
ip: 84.40.131.225
firstlogin: 1543757847604.000000
lastlogin: 1543757847605.000000
...
