---
password: 4c2d8c9720f4a255aea3cae8a5becedb3b4b6f75dc5ff10c902c16b517437466
ip: 83.21.67.168
firstlogin: 1543423622849.000000
lastlogin: 1543423622850.000000
...
