---
password: 089b73a0498a6ce3ed2bbd4dc7fce382bd00b75f9af1a1e0afcd2577d6cfc7a7
ip: 5.173.120.101
firstlogin: 1543782776001.000000
lastlogin: 1543782776001.000000
...
