---
password: 1c18e0588ee857da437dfc8fd52c1a25e290bc1b790a84ef3174a36ce861f8f4
ip: 46.169.178.66
firstlogin: 1543430634763.000000
lastlogin: 1543469387017.000000
...
