---
password: 21d664762d833095edd68e58c84630b3ada699ca91560b31014b3549a2ee1240
ip: 188.146.192.28
firstlogin: 1543315104094.000000
lastlogin: 1543337864621.000000
...
